48 45 165
19 49
29 56
23 37
14 21
25 59
20 59
15 62
46 27
9 3
15 19
55 63
4 38
44 27
24 41
33 11
53 62
61 27
11 6
20 11
53 19
45 28
26 28
8 43
18 53
31 62
11 62
45 29
42 26
45 35
53 35
36 20
48 27
33 49
6 38
4 10
43 55
61 20
64 9
22 59
55 15
52 57
55 45
25 40
2 40
46 20
21 27
64 21
15 44
8 28
22 63
47 11
55 42
17 10
12 40
2 23
35 17
14 29
28 9
5 9
19 56
56 25
63 59
61 53
26 26
57 3
3 57
30 54
32 18
50 38
7 34
18 38
31 35
55 18
2 59
57 39
38 51
17 24
61 42
35 29
25 11
60 15
20 60
24 50
47 24
39 18
57 32
16 17
51 45
55 63
49 42
60 43
3 63
4 57
21 16
59 53
20 40
25 39
18 48
37 40
44 37
56 51
42 9
4 63
38 24
20 12
49 61
21 60
50 6
22 37
16 22
12 36
19 25
25 52
5 61
14 63
31 32
46 52
33 4
53 25
2 10
24 35
9 30
15 4
59 47
17 4
54 34
30 19
29 7
3 29
53 12
26 32
15 48
16 58
40 59
43 7
13 44
11 41
3 52
47 40
37 33
60 61
15 29
58 41
59 24
32 11
42 3
17 50
6 63
38 48
5 21
46 48
16 39
51 9
37 38
63 18
57 6
31 57
34 47
39 15
53 54
54 38
43 11
60 30
10 52
57 60
